30 25 25 1 31 0.011894
30 25 25 1 31 0.009368
30 25 25 1 31 0.00513
30 25 25 1 31 0.003739
30 25 25 1 31 0.004394
30 25 25 1 31 0.002668
30 25 25 1 31 0.002416
30 25 25 1 31 0.002224
30 25 25 1 31 0.002157
30 25 25 1 31 0.001992
30 100 100 1 112 0.010467
30 100 100 1 112 0.010467
30 100 100 1 8 0.000968
30 100 100 1 8 0.000958
30 100 100 1 8 0.00097
30 100 100 1 8 0.000969
30 100 100 1 8 0.000956
30 100 100 1 8 0.000959
30 100 100 1 8 0.000962
30 100 100 1 8 0.000917
30 500 500 0 1 0.008455
30 500 500 0 1 0.008388
30 500 500 0 1 0.008621
30 500 500 0 1 0.008413
30 500 500 0 1 0.009847
30 500 500 0 1 0.008477
30 500 500 0 1 0.008466
30 500 500 0 1 0.008436
30 500 500 0 1 0.008426
30 500 500 0 1 0.008442
30 1000 1000 1 790 0.27417
30 1000 1000 1 790 0.280248
30 1000 1000 1 790 0.281017
30 1000 1000 1 981 0.404856
30 1000 1000 1 981 0.403353
30 1000 1000 1 981 0.401812
30 1000 1000 1 1611 1.02134
30 1000 1000 1 154 0.04427
30 1000 1000 1 154 0.046164
30 1000 1000 1 154 0.04443
30 5000 5000 1 4862 6.76835
30 5000 5000 1 4744 7.27249
30 5000 5000 1 15034 37.7565
30 5000 5000 1 7287 11.8824
30 5000 5000 1 7075 11.1486
30 5000 5000 1 9195 23.9984
30 5000 5000 1 9583 25.8305
30 5000 5000 1 1736 1.8575
30 5000 5000 1 8265 16.8211
30 5000 5000 1 1516 1.43993
