30 25 25 1 36 0.003183
30 25 25 1 36 0.002837
30 25 25 1 36 0.002725
30 25 25 1 36 0.002442
30 25 25 1 36 0.00228
30 25 25 1 36 0.002197
30 25 25 1 36 0.002154
30 25 25 1 36 0.002255
30 25 25 1 36 0.002157
30 25 25 1 36 0.002315
30 100 100 1 82 0.008447
30 100 100 1 82 0.008224
30 100 100 1 82 0.008138
30 100 100 1 82 0.008132
30 100 100 1 82 0.008027
30 100 100 1 82 0.007729
30 100 100 1 82 0.007352
30 100 100 1 82 0.007352
30 100 100 1 82 0.007446
30 100 100 1 82 0.009099
30 500 500 1 1336 0.372868
30 500 500 1 1336 0.370203
30 500 500 1 1092 0.453769
30 500 500 1 1092 0.453191
30 500 500 0 0 0.00838
30 500 500 0 0 0.008629
30 500 500 0 0 0.008612
30 500 500 0 0 0.008408
30 500 500 0 0 0.008426
30 500 500 0 0 0.008368
30 1000 1000 1 2181 2.32043
30 1000 1000 1 2739 2.04095
30 1000 1000 1 2713 2.19298
30 1000 1000 1 1903 1.02185
30 1000 1000 1 922 0.321231
30 1000 1000 1 1338 0.614861
30 1000 1000 1 1338 0.619521
30 1000 1000 1 2257 1.51784
30 1000 1000 1 1159 0.445174
30 1000 1000 1 1159 0.445342
30 5000 5000 1 9083 18.0883
30 5000 5000 1 12888 34.4135
30 5000 5000 1 7807 16.1579
30 5000 5000 1 6766 9.03705
30 5000 5000 1 12994 36.3916
30 5000 5000 1 1435 1.45155
30 5000 5000 1 8772 16.8039
30 5000 5000 1 15597 66.1329
30 5000 5000 1 5315 7.77075
30 5000 5000 1 7165 12.8271
