30 25 25 1 6 0.000596
30 25 25 1 6 0.000602
30 25 25 1 6 0.000658
30 25 25 1 6 0.00066
30 25 25 1 6 0.000662
30 25 25 1 6 0.000679
30 25 25 1 6 0.000675
30 25 25 1 6 0.000659
30 25 25 1 6 0.000665
30 25 25 1 6 0.00066
30 100 100 1 178 0.038651
30 100 100 1 178 0.026248
30 100 100 1 178 0.024453
30 100 100 1 178 0.02671
30 100 100 1 178 0.023903
30 100 100 1 178 0.023817
30 100 100 1 178 0.023696
30 100 100 1 178 0.023729
30 100 100 1 178 0.02373
30 100 100 1 178 0.023931
30 500 500 1 1045 0.436772
30 500 500 1 704 0.2449
30 500 500 1 704 0.24509
30 500 500 1 704 0.245504
30 500 500 1 704 0.244994
30 500 500 1 851 0.35569
30 500 500 1 851 0.357134
30 500 500 1 851 0.369544
30 500 500 1 677 0.293142
30 500 500 1 677 0.212182
30 1000 1000 1 349 0.098611
30 1000 1000 1 349 0.099047
30 1000 1000 1 349 0.099651
30 1000 1000 1 1011 0.455429
30 1000 1000 1 1011 0.456332
30 1000 1000 1 1011 0.512135
30 1000 1000 1 1027 0.497079
30 1000 1000 1 1490 0.838118
30 1000 1000 1 1490 0.837451
30 1000 1000 1 457 0.153385
30 5000 5000 1 1943 2.04256
30 5000 5000 1 7979 23.7972
30 5000 5000 1 4621 8.89586
30 5000 5000 1 4944 9.15298
30 5000 5000 1 6123 12.1988
30 5000 5000 1 9733 32.3561
30 5000 5000 1 12218 46.6196
30 5000 5000 1 1294 1.3301
30 5000 5000 1 10700 35.1737
30 5000 5000 1 7842 21.2483
